9786116255
7373205333
9894743383
9843819049
9843207300
9842515214
8015203412
8883435685
9786840058
7868978963
9442034183
8098891271
9994111540
7975199748
9786684916
9943838387
9443675442
8220997337
9626577661
8940977287
8220744761
9443184570
9443667685
7904172370
9047441562
9943303446
8637655246
9894207954
9003882599
9943146826
9843035048
9047729071
9994665544
8825691079
9786606432
9842774603
9080809331
9994692920
9600460738
9159377767
8110997473
9786685168
9578449552
9715331880
9159704017
9003515944
9655927167
9894811529
9751907917
9751338313
9751773390
9751454237
9080730206
9787214790
9843288893
6369505891
9486804662
9500709696
8940378824
9894378272
8248711236
9787529180
9500976918
9843211259
8072351502
9025150934
7502103067
8667591061
7010390367
9443649131
9788650215
9791917819
9943284013
9047284404
9597184786
9443184570
9943370701
9441829686
9597551614
9787397949
9944669577
9843901493
7806891241
9500215233
8098071460
9789995182
9566624039
9500823774
9655976992
7598841958
9843474731
9843753768
9500620602
9942140055
9150553004
8220216268
9751880850
9790317659
9843988366
9482307040